4294967278,37
4294967278,36
4294967278,35
4294967278,34
4294967278,33
4294967278,32
4294967278,31
4294967278,30
4294967278,29
4294967278,28
4294967278,27
4294967278,26
4294967278,25
4294967278,24
4294967278,23
4294967278,22
4294967278,21
4294967278,20
4294967278,19
4294967278,18
4294967278,17
4294967278,16
4294967278,15
4294967278,14
4294967278,13
4294967278,12
4294967278,11
4294967278,10
4294967278,9
4294967278,8
4294967278,7
4294967279,38
4294967279,36
4294967279,34
4294967279,33
4294967279,32
4294967279,29
4294967279,26
4294967279,25
4294967279,24
4294967279,23
4294967279,21
4294967279,20
4294967279,19
4294967279,18
4294967279,16
4294967279,14
4294967279,12
4294967279,10
8,296
8,295
8,294
8,293
8,292
8,291
8,290
8,289
8,288
8,287
8,286
8,285
8,283
8,284
8,282
8,281
8,280
8,279
8,278
8,277
8,276
8,275
8,274
8,273
8,272
8,271
8,270
8,269
8,268
8,267
8,266
8,265
8,264
8,263
8,262
8,261
8,260
8,259
8,257
8,258
8,256
8,255
8,254
8,253
8,252
8,251
8,250
8,249
8,248
8,247
8,246
8,245
8,244
8,243
8,242
8,241
8,240
8,239
8,238
8,237
8,235
8,236
8,234
8,233
8,232
8,231
8,230
8,229
8,228
8,227
8,226
8,225
8,224
8,223
8,222
8,221
8,220
8,219
8,218
8,217
8,216
8,215
8,214
8,213
8,212
8,211
8,210
8,209
8,208
8,207
8,206
8,204
8,205
8,203
8,202
8,201
8,200
8,199
8,198
8,197
8,196
8,195
8,194
8,193
8,192
8,191
8,190
8,189
8,188
8,187
8,186
8,185
8,184
8,183
8,182
8,180
8,181
8,179
8,178
8,177
8,176
8,175
8,174
8,173
8,172
8,171
8,170
8,169
8,168
8,166
8,167
8,165
8,164
8,163
8,162
8,161
8,160
8,159
8,158
8,157
8,156
8,155
8,154
8,153
8,152
8,151
8,150
8,149
8,148
8,147
8,146
8,145
8,144
8,143
8,142
8,141
8,140
8,139
8,138
8,137
8,136
8,134
8,135
8,133
8,132
8,131
8,130
8,129
8,128
8,127
8,126
8,125
8,124
8,123
8,122
8,121
8,120
8,119
8,118
8,117
8,116
8,115
8,114
8,113
8,112
8,111
8,110
8,108
8,109
8,107
8,106
8,105
8,104
8,103
8,102
8,101
8,100
8,99
8,98
8,88
8,87
8,86
8,85
8,84
8,83
8,82
8,81
8,80
8,79
8,78
8,77
8,76
8,75
8,74
8,73
8,72
8,71
8,69
8,70
8,68
8,67
8,66
8,65
8,64
8,37
8,36
8,35
8,34
8,33
8,97
8,96
8,95
8,94
8,93
8,92
8,91
8,90
8,89
8,32
8,31
8,30
8,29
8,28
8,27
8,26
8,25
8,24
8,23
8,22
8,21
8,20
8,19
8,18
8,16
8,17
8,15
8,14
8,13
8,12
8,11
8,10
8,9
8,8
8,7
8,6
8,4
8,5
9,4
4294967294,104
4294967294,106
4294967294,166
4294967294,24
4294967294,189
4294967278,515
4294967279,321
4294967278,514
4294967279,320
4294967279,319
4294967294,46
4294967294,390
4294967294,2
4294967278,513
4294967279,318
4294967278,512
4294967279,317
4294967278,173
4294967294,37
4294967294,430
4294967278,172
4294967278,319
4294967279,316
4294967278,171
4294967278,169
14,5
4294967278,168
14,4
14,3
14,2
14,1
4294967279,315
4294967278,167
