4294967279,373
4294967278,570
4294967278,54
4294967278,53
4294967278,545
4294967279,372
4294967279,73
4294967279,72
4294967279,71
4294967279,70
4294967279,69
4294967279,68
4294967279,65
4294967279,63
4294967279,62
4294967279,60
4294967279,59
4294967279,58
4294967279,371
4294967278,209
4294967279,370
4294967278,569
4294967278,568
4294967294,430
4294967278,544
4294967278,567
4294967278,204
4294967278,203
4294967278,543
4294967278,202
4294967278,201
4294967278,200
33,6
33,5
4294967278,199
33,4
33,3
33,2
33,1
4294967278,198
4294967278,566
4294967278,565
32,0
4294967294,387
4294967294,388
4294967278,564
4294967279,369
4294967278,195
4294967279,368
4294967279,348
4294967279,0
4294967278,563
4294967278,560
4294967279,52
4294967279,51
4294967279,49
4294967279,48
4294967279,47
4294967279,46
4294967279,44
4294967279,41
4294967279,40
4294967279,39
4294967279,38
4294967279,36
4294967279,35
4294967279,34
4294967279,33
4294967279,31
4294967279,30
4294967279,28
4294967279,27
4294967279,24
4294967279,23
4294967279,20
4294967279,19
4294967279,18
4294967279,17
4294967279,16
4294967279,12
4294967279,9
4294967278,193
4294967278,537
4294967278,562
4294967278,536
4294967278,561
4294967278,188
4294967294,392
4294967294,46
4294967294,389
4294967294,114
4294967279,189
4294967278,187
4294967278,540
4294967278,0
4294967278,186
4294967278,185
4294967279,186
4294967294,94
4294967294,96
4294967278,184
32,6
4294967279,185
32,5
4294967278,183
32,4
4294967279,184
32,2
32,1
4294967278,182
0,7
4294967279,182
4294967278,515
4294967278,514
29,2
29,0
4294967278,527
4294967279,340
4294967278,178
4294967294,8
4294967294,30
4294967294,1074
4294967294,1073
4294967294,1071
4294967294,1070
4294967294,1065
4294967294,1054
4294967294,1026
4294967294,1024
4294967294,438
4294967294,159
4294967294,158
4294967294,60
4294967278,526
4294967294,194
4294967294,193
4294967294,1043
4294967294,1034
4294967294,1036
4294967294,186
4294967294,469
4294967294,1035
4294967294,29
4294967294,441
4294967294,76
4294967294,9
4294967294,37
4294967294,36
4294967294,42
4294967294,40
4294967294,39
4294967294,1419
4294967294,120
4294967294,1
4294967294,2
4294967294,0
4294967294,390
4294967294,43
4294967294,53
4294967294,52
4294967294,51
4294967278,176
4294967294,91
4294967294,90
4294967294,87
4294967294,86
4294967294,85
4294967294,84
4294967294,83
4294967294,1052
4294967294,1081
4294967294,1082
4294967294,414
4294967294,28
4294967294,393
4294967294,45
4294967294,44
4294967294,38
4294967278,513
4294967279,318
4294967294,75
4294967294,18
4294967294,127
4294967294,14
4294967294,126
4294967294,20
4294967294,13
4294967294,161
4294967294,190
4294967294,176
4294967294,170
29,4
29,5
4294967294,17
4294967294,67
4294967294,99
4294967294,41
4294967294,417
4294967294,1083
4294967294,26
4294967294,5
16,4
16,5
11,4
0,5
4294967294,7
4294967294,6
4294967294,22
4294967294,1416
4294967294,204
4294967294,201
4294967294,199
4294967294,198
4294967294,197
4294967294,196
4294967294,195
4294967294,192
4294967294,1049
4294967294,1048
4294967294,1047
4294967294,1046
4294967294,1045
4294967294,1042
4294967294,1041
4294967294,1040
4294967294,1039
4294967294,1037
4294967294,1033
4294967294,1032
4294967294,1031
4294967294,1029
4294967294,423
4294967294,401
4294967294,185
4294967294,182
4294967294,173
4294967294,163
4294967294,162
4294967294,93
4294967294,95
4294967294,50
4294967294,426
4294967294,12
4294967294,470
4294967294,25
4294967294,1051
4294967294,27
4294967294,92
4294967294,88
4294967294,81
4294967294,82
4294967294,11
4294967294,68
4294967278,132
4294967278,131
4294967278,130
4294967278,129
4294967278,128
4294967278,127
4294967278,126
4294967278,125
4294967278,124
4294967278,123
4294967278,122
4294967278,121
4294967278,120
4294967278,119
4294967278,118
4294967278,117
4294967278,116
4294967278,115
4294967278,114
4294967278,113
4294967278,112
4294967278,111
4294967278,110
4294967278,109
4294967278,108
4294967278,107
4294967278,106
4294967278,105
4294967278,104
4294967278,103
4294967278,102
4294967278,101
4294967278,100
4294967278,99
4294967278,98
4294967278,97
4294967278,96
4294967278,95
4294967278,94
4294967278,93
4294967278,92
4294967278,91
4294967278,90
4294967278,89
4294967278,87
4294967278,86
4294967278,85
4294967278,84
4294967278,83
4294967278,82
4294967278,81
4294967278,80
4294967278,79
4294967278,78
4294967278,77
4294967278,76
4294967278,75
4294967278,74
4294967278,73
